50
16
3,25,5,11,16,8,14,6,32,22,47,31,2,36
15,4,9,4,7,8,10,11,25,36,31,49
2,27,6,32,2,47,22,50,15,50,13,47,36,9,12,15,27
16,5,21,6,5,9,7,27,8,31,49,25,12,11
13,5,9,31,2,36,15,22,11,16,6,31
15,27,12,36,25,13,11,9,32,31,2,36,47,36,4,7,8,10,11
22,6,13,11,5,9,12,15,28,50,4,49,25,12,11
16,5,32,6,5,9,14,12,14,35,36,23,12,31,2,36,4,25,12,11,2,7,47
32,6,13,32,11,5,36,9,12,15,35,31,2,36
3,6,5,9,11,5,12,15,28,12,11,2,47,49
25,6,5,9,5,8,31,35,36,12,14,12,4,25,12,11,2,7
28,16,13,44,11,50,5,12,47,15,36,31,2,36
32,6,13,32,11,5,9,35,36,12,15,47
3,6,5,9,50,12,15,28,12,11,2,49
35,5,8,31,25,12,11,2,7,31,2,36,25,12,11
28,16,13,11,5,12,50,15,36