64
16
3,25,5,11,16,58,14,6,32,22,47,31,2,36,64
15,54,9,4,7,8,10,11,25,36,31,49,58,44
2,27,6,32,2,47,22,50,15,50,13,47,36,9,12,15,27
16,5,21,6,5,9,57,27,8,31,49,25,12,11
13,55,9,31,2,36,15,22,11,16,6,31,49,58,44,53,51,5,2,33,24
15,27,12,56,25,13,11,9,32,31,2,36,47,36,4,7,8,10,11
22,6,13,11,5,9,12,15,28,50,4,49,25,12,11
16,5,32,6,5,9,14,12,14,35,36,23,12,58,31,2,36,4,25,12,11,2,7,47
32,56,13,32,11,5,36,9,12,15,35,49,58,44,31,2,36,53
3,64,6,60,9,11,5,12,15,64,28,12,11,2,47,49,53,51,5
25,6,55,9,5,53,8,31,35,36,12,14,53,51,5,12,4,25,12,11,2,7
28,16,13,44,11,50,5,12,47,15,58,36,31,2,36
32,6,13,32,11,5,9,35,36,12,15,47,53,51,5
3,6,5,9,40,52,15,28,12,11,2,49,53,49,58,44
35,5,8,31,25,12,11,2,7,31,2,36,25,12,11
28,16,13,11,5,12,50,15,58,36,63