64
16
1,3,6,5,33,9,18,12,35,16,64
2,24,3,5,17,7,59,48,9,6,4,8,10,7,11,15,64
2,3,6,24,33,7,8,26,9,10,11,15,64
1,24,5,17,9,22,7,48,35,9,15,64
1,3,6,5,24,9,59,2,9,6,16,50,63
2,4,13,5,33,7,6,48,4,8,26,10,7,11,16,64
2,13,6,14,8,26,7,11,6,9,10,9,15,50,63
1,24,5,7,9,26,59,23,35,9,2,15,50,63
1,6,3,7,9,33,16,48,26,9,64
2,3,6,14,35,7,11,6,9,26,10,9,15,50,63
1,9,26,9,2,15,59,26,64
1,6,3,7,9,33,16,35,26,9,64
1,6,13,17,35,9,48,26,16,26,9,50,63
2,3,36,14,7,11,6,9,10,9,15,50,63
1,9,36,9,35,2,48,45,64
1,26,3,7,9,36,26,9,63